# mandel

Simple mandelbrot generator written in Clojure. Using Compojure to display in web browser.

user=> (mandel.mandelbrot/text-mandel 40 [-2 -1] [0.5 1] 10)
(999998888777777777777766665542   6666777
 999988877777777777776666665532 035666677
 9999887777777777777666666554    14556667
 9998877777777777776666655442     3555667
 9998877777777777766666544432     2345566
 9988777777777776666655 10200     0 34316
 99877777777777666655541            0 0 5
 99877777777776655555431                4
 9977777777766555555441                14
 987777777664344544432                 13
 977777666554 23223322
 977766665543      110
 9766666555431
 966666555432                           2
 9666654432                             4
 9554344331                            24
 9                                     34
 9554344331                            24
 9666654432                             4
 966666555432                           2
 9766666555431
 977766665543      110
 977777666554 23223322
 987777777664344544432                 13
 9977777777766555555441                14
 99877777777776655555431                4
 99877777777777666655541            0 0 5
 9988777777777776666655 10200     0 34316
 9998877777777777766666544432     2345566
 9998877777777777776666655442     3555667
 9999887777777777777666666554    14556667
 999988877777777777776666665532 035666677)
nil